# mother's age, ordered, to correspond to births data from NYSDOH
mage_order <- c(
  "<15",
  "15-17",
  "18-19",
  "20-24",
  "25-29",
  "30-34",
  "35-39",
  "40-44",
  "45+",
  "Unknown",
  "Total"
)
